id_alumno;nota
226;5,7
227;7
228;7,2
229;7,4
230;6,8
231;8,7
232;7,5
233;7,3
234;7,5
235;7,1
236;6
237;6,6
238;9
239;9
240;6,6
241;8
242;9,2
243;9
244;7,8
245;8,3
246;8,2
247;9
248;4,6
249;5,3
250;8
251;8
252;8,9
253;6,9
254;7,8
255;7,6
256;7,8
257;9
258;8,1
259;5,6
260;8,5
261;7,6
262;7,3
263;5,7
264;8,5
265;8,6
266;6,6
267;7,3
268;7,8
269;8,3
270;8,3
271;8,6
272;8
273;8,7
274;8,6
275;7,9
276;6,3
277;8,7
278;5,4
279;9
280;8
281;9
282;7,8
283;8,5
284;8,5
285;7,8
286;9
287;8,9
288;5
289;8,7
290;8,7
291;6,6
292;6,6
293;8,2
294;6,4
295;9
296;8,8
297;4,5
298;6,2
299;6,1
300;9
301;9,2
302;9
303;9
304;2
306;8,3
307;7,2
308;8,3
309;5,4
310;6,3
311;6,5
312;7,8
313;7,8
314;7,6
315;9
316;7,2
317;9
318;9
319;7
320;6,8
321;7,9
322;7,5
323;9
324;8,3
325;9
326;8,6
327;2,5
328;8,5
329;7,8
331;7,8
333;6,5
334;8,2
335;8,2
336;5
337;7,2
338;1,7
339;7
